33751944
33713957
33852239
33850009
33846987
33842485
33841839
33841207
33840325
33837415
33837199
33836225
33829157
33826797
33826109
33825925
33825773
33825577
33825161
33825158
33818567
33817533
33807167
33805061
33803562
33801644
33801152
33801097
33798334
33797574
33793364
33800593
33790497
33788803
33787972
33787323
33780207
33777923
33776947
33775166
33769081
33769067
33763606
33763040
33756328
33755321
33754119
33751944
33750178
33745303
33743013
33736740
33732064
33731953
33731054
33724914
33720997
33713957
33712514
33711508
33697967
33696576
33692323
33692322
33691213
33688082
33684032
33664743
33662835
33662283
33653563
33229531
33651345
33649032
33639294
33635199
33628461
